# Blender 3.3.1
# www.blender.org
mtllib bookshelf.mtl
o Cube
v 0.500000 0.200000 -2.800000
v 0.500000 0.000000 -2.800000
v 0.500000 0.200000 2.800000
v 0.500000 0.000000 2.800000
v -0.500000 0.200000 -2.800000
v -0.500000 0.000000 -2.800000
v -0.500000 0.200000 2.800000
v -0.500000 0.000000 2.800000
vn -0.0000 1.0000 -0.0000
vn -0.0000 -0.0000 1.0000
vn -1.0000 -0.0000 -0.0000
vn -0.0000 -1.0000 -0.0000
vn 1.0000 -0.0000 -0.0000
vn -0.0000 -0.0000 -1.0000
vt 0.625000 0.500000
vt 0.375000 0.500000
vt 0.625000 0.750000
vt 0.375000 0.750000
vt 0.875000 0.500000
vt 0.625000 0.250000
vt 0.125000 0.500000
vt 0.375000 0.250000
vt 0.875000 0.750000
vt 0.625000 1.000000
vt 0.625000 0.000000
vt 0.375000 1.000000
vt 0.375000 0.000000
vt 0.125000 0.750000
s 0
usemtl Material.005
f 1/1/1 5/5/1 7/9/1 3/3/1
f 4/4/2 3/3/2 7/10/2 8/12/2
f 8/13/3 7/11/3 5/6/3 6/8/3
f 6/7/4 2/2/4 4/4/4 8/14/4
f 2/2/5 1/1/5 3/3/5 4/4/5
f 6/8/6 5/6/6 1/1/6 2/2/6
o Cube.001
v 0.500000 5.000000 2.800000
v 0.500000 0.000000 2.800000
v 0.500000 5.000000 3.000000
v 0.500000 0.000000 3.000000
v -0.500000 5.000000 2.800000
v -0.500000 0.000000 2.800000
v -0.500000 5.000000 3.000000
v -0.500000 0.000000 3.000000
vn -0.0000 1.0000 -0.0000
vn -0.0000 -0.0000 1.0000
vn -1.0000 -0.0000 -0.0000
vn -0.0000 -1.0000 -0.0000
vn 1.0000 -0.0000 -0.0000
vn -0.0000 -0.0000 -1.0000
vt 0.625000 0.500000
vt 0.375000 0.500000
vt 0.625000 0.750000
vt 0.375000 0.750000
vt 0.875000 0.500000
vt 0.625000 0.250000
vt 0.125000 0.500000
vt 0.375000 0.250000
vt 0.875000 0.750000
vt 0.625000 1.000000
vt 0.625000 0.000000
vt 0.375000 1.000000
vt 0.375000 0.000000
vt 0.125000 0.750000
s 0
usemtl Material.001
f 9/15/7 13/19/7 15/23/7 11/17/7
f 12/18/8 11/17/8 15/24/8 16/26/8
f 16/27/9 15/25/9 13/20/9 14/22/9
f 14/21/10 10/16/10 12/18/10 16/28/10
f 10/16/11 9/15/11 11/17/11 12/18/11
f 14/22/12 13/20/12 9/15/12 10/16/12
o Cube.002
v 0.500000 5.000000 -3.000000
v 0.500000 0.000000 -3.000000
v 0.500000 5.000000 -2.800000
v 0.500000 0.000000 -2.800000
v -0.500000 5.000000 -3.000000
v -0.500000 0.000000 -3.000000
v -0.500000 5.000000 -2.800000
v -0.500000 0.000000 -2.800000
vn -0.0000 1.0000 -0.0000
vn -0.0000 -0.0000 1.0000
vn -1.0000 -0.0000 -0.0000
vn -0.0000 -1.0000 -0.0000
vn 1.0000 -0.0000 -0.0000
vn -0.0000 -0.0000 -1.0000
vt 0.625000 0.500000
vt 0.375000 0.500000
vt 0.625000 0.750000
vt 0.375000 0.750000
vt 0.875000 0.500000
vt 0.625000 0.250000
vt 0.125000 0.500000
vt 0.375000 0.250000
vt 0.875000 0.750000
vt 0.625000 1.000000
vt 0.625000 0.000000
vt 0.375000 1.000000
vt 0.375000 0.000000
vt 0.125000 0.750000
s 0
usemtl Material.001
f 17/29/13 21/33/13 23/37/13 19/31/13
f 20/32/14 19/31/14 23/38/14 24/40/14
f 24/41/15 23/39/15 21/34/15 22/36/15
f 22/35/16 18/30/16 20/32/16 24/42/16
f 18/30/17 17/29/17 19/31/17 20/32/17
f 22/36/18 21/34/18 17/29/18 18/30/18
o Cube.003
v 0.500000 1.200000 -2.800000
v 0.500000 1.000000 -2.800000
v 0.500000 1.200000 2.800000
v 0.500000 1.000000 2.800000
v -0.500000 1.200000 -2.800000
v -0.500000 1.000000 -2.800000
v -0.500000 1.200000 2.800000
v -0.500000 1.000000 2.800000
vn -0.0000 1.0000 -0.0000
vn -0.0000 -0.0000 1.0000
vn -1.0000 -0.0000 -0.0000
vn -0.0000 -1.0000 -0.0000
vn 1.0000 -0.0000 -0.0000
vn -0.0000 -0.0000 -1.0000
vt 0.625000 0.500000
vt 0.375000 0.500000
vt 0.625000 0.750000
vt 0.375000 0.750000
vt 0.875000 0.500000
vt 0.625000 0.250000
vt 0.125000 0.500000
vt 0.375000 0.250000
vt 0.875000 0.750000
vt 0.625000 1.000000
vt 0.625000 0.000000
vt 0.375000 1.000000
vt 0.375000 0.000000
vt 0.125000 0.750000
s 0
usemtl Material.005
f 25/43/19 29/47/19 31/51/19 27/45/19
f 28/46/20 27/45/20 31/52/20 32/54/20
f 32/55/21 31/53/21 29/48/21 30/50/21
f 30/49/22 26/44/22 28/46/22 32/56/22
f 26/44/23 25/43/23 27/45/23 28/46/23
f 30/50/24 29/48/24 25/43/24 26/44/24
o Cube.004
v 0.500000 2.200000 -2.800000
v 0.500000 2.000000 -2.800000
v 0.500000 2.200000 2.800000
v 0.500000 2.000000 2.800000
v -0.500000 2.200000 -2.800000
v -0.500000 2.000000 -2.800000
v -0.500000 2.200000 2.800000
v -0.500000 2.000000 2.800000
vn -0.0000 1.0000 -0.0000
vn -0.0000 -0.0000 1.0000
vn -1.0000 -0.0000 -0.0000
vn -0.0000 -1.0000 -0.0000
vn 1.0000 -0.0000 -0.0000
vn -0.0000 -0.0000 -1.0000
vt 0.625000 0.500000
vt 0.375000 0.500000
vt 0.625000 0.750000
vt 0.375000 0.750000
vt 0.875000 0.500000
vt 0.625000 0.250000
vt 0.125000 0.500000
vt 0.375000 0.250000
vt 0.875000 0.750000
vt 0.625000 1.000000
vt 0.625000 0.000000
vt 0.375000 1.000000
vt 0.375000 0.000000
vt 0.125000 0.750000
s 0
usemtl Material.005
f 33/57/25 37/61/25 39/65/25 35/59/25
f 36/60/26 35/59/26 39/66/26 40/68/26
f 40/69/27 39/67/27 37/62/27 38/64/27
f 38/63/28 34/58/28 36/60/28 40/70/28
f 34/58/29 33/57/29 35/59/29 36/60/29
f 38/64/30 37/62/30 33/57/30 34/58/30
o Cube.005
v 0.500000 3.200000 -2.800000
v 0.500000 3.000000 -2.800000
v 0.500000 3.200000 2.800000
v 0.500000 3.000000 2.800000
v -0.500000 3.200000 -2.800000
v -0.500000 3.000000 -2.800000
v -0.500000 3.200000 2.800000
v -0.500000 3.000000 2.800000
vn -0.0000 1.0000 -0.0000
vn -0.0000 -0.0000 1.0000
vn -1.0000 -0.0000 -0.0000
vn -0.0000 -1.0000 -0.0000
vn 1.0000 -0.0000 -0.0000
vn -0.0000 -0.0000 -1.0000
vt 0.625000 0.500000
vt 0.375000 0.500000
vt 0.625000 0.750000
vt 0.375000 0.750000
vt 0.875000 0.500000
vt 0.625000 0.250000
vt 0.125000 0.500000
vt 0.375000 0.250000
vt 0.875000 0.750000
vt 0.625000 1.000000
vt 0.625000 0.000000
vt 0.375000 1.000000
vt 0.375000 0.000000
vt 0.125000 0.750000
s 0
usemtl Material.005
f 41/71/31 45/75/31 47/79/31 43/73/31
f 44/74/32 43/73/32 47/80/32 48/82/32
f 48/83/33 47/81/33 45/76/33 46/78/33
f 46/77/34 42/72/34 44/74/34 48/84/34
f 42/72/35 41/71/35 43/73/35 44/74/35
f 46/78/36 45/76/36 41/71/36 42/72/36
o Cube.006
v 0.500000 4.200000 -2.800000
v 0.500000 4.000000 -2.800000
v 0.500000 4.200000 2.800000
v 0.500000 4.000000 2.800000
v -0.500000 4.200000 -2.800000
v -0.500000 4.000000 -2.800000
v -0.500000 4.200000 2.800000
v -0.500000 4.000000 2.800000
vn -0.0000 1.0000 -0.0000
vn -0.0000 -0.0000 1.0000
vn -1.0000 -0.0000 -0.0000
vn -0.0000 -1.0000 -0.0000
vn 1.0000 -0.0000 -0.0000
vn -0.0000 -0.0000 -1.0000
vt 0.625000 0.500000
vt 0.375000 0.500000
vt 0.625000 0.750000
vt 0.375000 0.750000
vt 0.875000 0.500000
vt 0.625000 0.250000
vt 0.125000 0.500000
vt 0.375000 0.250000
vt 0.875000 0.750000
vt 0.625000 1.000000
vt 0.625000 0.000000
vt 0.375000 1.000000
vt 0.375000 0.000000
vt 0.125000 0.750000
s 0
usemtl Material.005
f 49/85/37 53/89/37 55/93/37 51/87/37
f 52/88/38 51/87/38 55/94/38 56/96/38
f 56/97/39 55/95/39 53/90/39 54/92/39
f 54/91/40 50/86/40 52/88/40 56/98/40
f 50/86/41 49/85/41 51/87/41 52/88/41
f 54/92/42 53/90/42 49/85/42 50/86/42
o Cube.007
v 0.500000 5.200000 -3.000000
v 0.500000 5.000000 -3.000000
v 0.500000 5.200000 3.000000
v 0.500000 5.000000 3.000000
v -0.500000 5.200000 -3.000000
v -0.500000 5.000000 -3.000000
v -0.500000 5.200000 3.000000
v -0.500000 5.000000 3.000000
vn -0.0000 1.0000 -0.0000
vn -0.0000 -0.0000 1.0000
vn -1.0000 -0.0000 -0.0000
vn -0.0000 -1.0000 -0.0000
vn 1.0000 -0.0000 -0.0000
vn -0.0000 -0.0000 -1.0000
vt 0.625000 0.500000
vt 0.375000 0.500000
vt 0.625000 0.750000
vt 0.375000 0.750000
vt 0.875000 0.500000
vt 0.625000 0.250000
vt 0.125000 0.500000
vt 0.375000 0.250000
vt 0.875000 0.750000
vt 0.625000 1.000000
vt 0.625000 0.000000
vt 0.375000 1.000000
vt 0.375000 0.000000
vt 0.125000 0.750000
s 0
usemtl Material.005
f 57/99/43 61/103/43 63/107/43 59/101/43
f 60/102/44 59/101/44 63/108/44 64/110/44
f 64/111/45 63/109/45 61/104/45 62/106/45
f 62/105/46 58/100/46 60/102/46 64/112/46
f 58/100/47 57/99/47 59/101/47 60/102/47
f 62/106/48 61/104/48 57/99/48 58/100/48
o Cube.008
v 0.378959 2.900000 -0.705257
v 0.378959 2.200000 -0.705257
v 0.330425 2.900000 -0.511235
v 0.330425 2.200000 -0.511235
v -0.106095 2.900000 -0.826593
v -0.106095 2.200000 -0.826593
v -0.154629 2.900000 -0.632571
v -0.154629 2.200000 -0.632571
vn -0.0000 1.0000 -0.0000
vn -0.2427 -0.0000 0.9701
vn -0.9701 -0.0000 -0.2427
vn -0.0000 -1.0000 -0.0000
vn 0.9701 -0.0000 0.2427
vn 0.2427 -0.0000 -0.9701
vt 0.625000 0.500000
vt 0.375000 0.500000
vt 0.625000 0.750000
vt 0.375000 0.750000
vt 0.875000 0.500000
vt 0.625000 0.250000
vt 0.125000 0.500000
vt 0.375000 0.250000
vt 0.875000 0.750000
vt 0.625000 1.000000
vt 0.625000 0.000000
vt 0.375000 1.000000
vt 0.375000 0.000000
vt 0.125000 0.750000
s 0
usemtl Material.003
f 65/113/49 69/117/49 71/121/49 67/115/49
f 68/116/50 67/115/50 71/122/50 72/124/50
f 72/125/51 71/123/51 69/118/51 70/120/51
f 70/119/52 66/114/52 68/116/52 72/126/52
f 66/114/53 65/113/53 67/115/53 68/116/53
f 70/120/54 69/118/54 65/113/54 66/114/54
o Cube.009
v 0.220723 2.913094 -1.014531
v 0.220723 2.255309 -1.253945
v 0.220723 2.844690 -0.826593
v 0.220723 2.186905 -1.066007
v -0.279277 2.913094 -1.014531
v -0.279277 2.255309 -1.253945
v -0.279277 2.844690 -0.826593
v -0.279277 2.186905 -1.066007
vn -0.0000 0.9397 0.3420
vn -0.0000 -0.3420 0.9397
vn -1.0000 -0.0000 -0.0000
vn -0.0000 -0.9397 -0.3420
vn 1.0000 -0.0000 -0.0000
vn -0.0000 0.3420 -0.9397
vt 0.625000 0.500000
vt 0.375000 0.500000
vt 0.625000 0.750000
vt 0.375000 0.750000
vt 0.875000 0.500000
vt 0.625000 0.250000
vt 0.125000 0.500000
vt 0.375000 0.250000
vt 0.875000 0.750000
vt 0.625000 1.000000
vt 0.625000 0.000000
vt 0.375000 1.000000
vt 0.375000 0.000000
vt 0.125000 0.750000
s 0
usemtl Material.002
f 73/127/55 77/131/55 79/135/55 75/129/55
f 76/130/56 75/129/56 79/136/56 80/138/56
f 80/139/57 79/137/57 77/132/57 78/134/57
f 78/133/58 74/128/58 76/130/58 80/140/58
f 74/128/59 73/127/59 75/129/59 76/130/59
f 78/134/60 77/132/60 73/127/60 74/128/60
o Cube.010
v -0.133619 2.913094 2.473247
v -0.127399 2.255309 2.712580
v -0.138502 2.844690 2.285372
v -0.132282 2.186905 2.524705
v 0.366212 2.913094 2.460256
v 0.372432 2.255309 2.699589
v 0.361329 2.844690 2.272381
v 0.367549 2.186905 2.511714
vn -0.0089 0.9397 -0.3419
vn -0.0244 -0.3420 -0.9394
vn 0.9997 -0.0000 -0.0260
vn 0.0089 -0.9397 0.3419
vn -0.9997 -0.0000 0.0260
vn 0.0244 0.3420 0.9394
vt 0.625000 0.500000
vt 0.375000 0.500000
vt 0.625000 0.750000
vt 0.375000 0.750000
vt 0.875000 0.500000
vt 0.625000 0.250000
vt 0.125000 0.500000
vt 0.375000 0.250000
vt 0.875000 0.750000
vt 0.625000 1.000000
vt 0.625000 0.000000
vt 0.375000 1.000000
vt 0.375000 0.000000
vt 0.125000 0.750000
s 0
usemtl Material.002
f 81/141/61 85/145/61 87/149/61 83/143/61
f 84/144/62 83/143/62 87/150/62 88/152/62
f 88/153/63 87/151/63 85/146/63 86/148/63
f 86/147/64 82/142/64 84/144/64 88/154/64
f 82/142/65 81/141/65 83/143/65 84/144/65
f 86/148/66 85/146/66 81/141/66 82/142/66
o Cube.011
v -0.299838 2.900000 2.168188
v -0.299838 2.200000 2.168188
v -0.256360 2.900000 1.972970
v -0.256360 2.200000 1.972970
v 0.188205 2.900000 2.276881
v 0.188205 2.200000 2.276881
v 0.231682 2.900000 2.081664
v 0.231682 2.200000 2.081664
vn -0.0000 1.0000 -0.0000
vn 0.2174 -0.0000 -0.9761
vn 0.9761 -0.0000 0.2174
vn -0.0000 -1.0000 -0.0000
vn -0.9761 -0.0000 -0.2174
vn -0.2174 -0.0000 0.9761
vt 0.625000 0.500000
vt 0.375000 0.500000
vt 0.625000 0.750000
vt 0.375000 0.750000
vt 0.875000 0.500000
vt 0.625000 0.250000
vt 0.125000 0.500000
vt 0.375000 0.250000
vt 0.875000 0.750000
vt 0.625000 1.000000
vt 0.625000 0.000000
vt 0.375000 1.000000
vt 0.375000 0.000000
vt 0.125000 0.750000
s 0
usemtl Material.003
f 89/155/67 93/159/67 95/163/67 91/157/67
f 92/158/68 91/157/68 95/164/68 96/166/68
f 96/167/69 95/165/69 93/160/69 94/162/69
f 94/161/70 90/156/70 92/158/70 96/168/70
f 90/156/71 89/155/71 91/157/71 92/158/71
f 94/162/72 93/160/72 89/155/72 90/156/72
o Cube.012
v -0.299838 1.900000 -1.914723
v -0.299838 1.200000 -1.914723
v -0.256360 1.900000 -2.109941
v -0.256360 1.200000 -2.109941
v 0.188205 1.900000 -1.806030
v 0.188205 1.200000 -1.806030
v 0.231682 1.900000 -2.001247
v 0.231682 1.200000 -2.001247
vn -0.0000 1.0000 -0.0000
vn 0.2174 -0.0000 -0.9761
vn 0.9761 -0.0000 0.2174
vn -0.0000 -1.0000 -0.0000
vn -0.9761 -0.0000 -0.2174
vn -0.2174 -0.0000 0.9761
vt 0.625000 0.500000
vt 0.375000 0.500000
vt 0.625000 0.750000
vt 0.375000 0.750000
vt 0.875000 0.500000
vt 0.625000 0.250000
vt 0.125000 0.500000
vt 0.375000 0.250000
vt 0.875000 0.750000
vt 0.625000 1.000000
vt 0.625000 0.000000
vt 0.375000 1.000000
vt 0.375000 0.000000
vt 0.125000 0.750000
s 0
usemtl Material.003
f 97/169/73 101/173/73 103/177/73 99/171/73
f 100/172/74 99/171/74 103/178/74 104/180/74
f 104/181/75 103/179/75 101/174/75 102/176/75
f 102/175/76 98/170/76 100/172/76 104/182/76
f 98/170/77 97/169/77 99/171/77 100/172/77
f 102/176/78 101/174/78 97/169/78 98/170/78
o Cube.013
v -0.133619 1.913095 -1.609664
v -0.127399 1.255310 -1.370331
v -0.138502 1.844690 -1.797539
v -0.132282 1.186906 -1.558206
v 0.366212 1.913095 -1.622655
v 0.372432 1.255310 -1.383322
v 0.361329 1.844690 -1.810530
v 0.367549 1.186906 -1.571197
vn -0.0089 0.9397 -0.3419
vn -0.0244 -0.3420 -0.9394
vn 0.9997 -0.0000 -0.0260
vn 0.0089 -0.9397 0.3419
vn -0.9997 -0.0000 0.0260
vn 0.0244 0.3420 0.9394
vt 0.625000 0.500000
vt 0.375000 0.500000
vt 0.625000 0.750000
vt 0.375000 0.750000
vt 0.875000 0.500000
vt 0.625000 0.250000
vt 0.125000 0.500000
vt 0.375000 0.250000
vt 0.875000 0.750000
vt 0.625000 1.000000
vt 0.625000 0.000000
vt 0.375000 1.000000
vt 0.375000 0.000000
vt 0.125000 0.750000
s 0
usemtl Material.002
f 105/183/79 109/187/79 111/191/79 107/185/79
f 108/186/80 107/185/80 111/192/80 112/194/80
f 112/195/81 111/193/81 109/188/81 110/190/81
f 110/189/82 106/184/82 108/186/82 112/196/82
f 106/184/83 105/183/83 107/185/83 108/186/83
f 110/190/84 109/188/84 105/183/84 106/184/84
o Cube.014
v 0.220723 1.913095 0.167827
v 0.220723 1.255310 -0.071587
v 0.220723 1.844690 0.355765
v 0.220723 1.186906 0.116351
v -0.279277 1.913095 0.167827
v -0.279277 1.255310 -0.071587
v -0.279277 1.844690 0.355765
v -0.279277 1.186906 0.116351
vn -0.0000 0.9397 0.3420
vn -0.0000 -0.3420 0.9397
vn -1.0000 -0.0000 -0.0000
vn -0.0000 -0.9397 -0.3420
vn 1.0000 -0.0000 -0.0000
vn -0.0000 0.3420 -0.9397
vt 0.625000 0.500000
vt 0.375000 0.500000
vt 0.625000 0.750000
vt 0.375000 0.750000
vt 0.875000 0.500000
vt 0.625000 0.250000
vt 0.125000 0.500000
vt 0.375000 0.250000
vt 0.875000 0.750000
vt 0.625000 1.000000
vt 0.625000 0.000000
vt 0.375000 1.000000
vt 0.375000 0.000000
vt 0.125000 0.750000
s 0
usemtl Material.002
f 113/197/85 117/201/85 119/205/85 115/199/85
f 116/200/86 115/199/86 119/206/86 120/208/86
f 120/209/87 119/207/87 117/202/87 118/204/87
f 118/203/88 114/198/88 116/200/88 120/210/88
f 114/198/89 113/197/89 115/199/89 116/200/89
f 118/204/90 117/202/90 113/197/90 114/198/90
o Cube.015
v 0.378959 1.900000 0.477101
v 0.378959 1.200000 0.477101
v 0.330425 1.900000 0.671123
v 0.330425 1.200000 0.671123
v -0.106095 1.900000 0.355765
v -0.106095 1.200000 0.355765
v -0.154629 1.900000 0.549787
v -0.154629 1.200000 0.549787
vn -0.0000 1.0000 -0.0000
vn -0.2427 -0.0000 0.9701
vn -0.9701 -0.0000 -0.2427
vn -0.0000 -1.0000 -0.0000
vn 0.9701 -0.0000 0.2427
vn 0.2427 -0.0000 -0.9701
vt 0.625000 0.500000
vt 0.375000 0.500000
vt 0.625000 0.750000
vt 0.375000 0.750000
vt 0.875000 0.500000
vt 0.625000 0.250000
vt 0.125000 0.500000
vt 0.375000 0.250000
vt 0.875000 0.750000
vt 0.625000 1.000000
vt 0.625000 0.000000
vt 0.375000 1.000000
vt 0.375000 0.000000
vt 0.125000 0.750000
s 0
usemtl Material.003
f 121/211/91 125/215/91 127/219/91 123/213/91
f 124/214/92 123/213/92 127/220/92 128/222/92
f 128/223/93 127/221/93 125/216/93 126/218/93
f 126/217/94 122/212/94 124/214/94 128/224/94
f 122/212/95 121/211/95 123/213/95 124/214/95
f 126/218/96 125/216/96 121/211/96 122/212/96
o Cube.016
v 0.378959 0.900000 -0.726186
v 0.378959 0.200000 -0.726186
v 0.330425 0.900000 -0.532165
v 0.330425 0.200000 -0.532165
v -0.106095 0.900000 -0.847523
v -0.106095 0.200000 -0.847523
v -0.154629 0.900000 -0.653501
v -0.154629 0.200000 -0.653501
vn -0.0000 1.0000 -0.0000
vn -0.2427 -0.0000 0.9701
vn -0.9701 -0.0000 -0.2427
vn -0.0000 -1.0000 -0.0000
vn 0.9701 -0.0000 0.2427
vn 0.2427 -0.0000 -0.9701
vt 0.625000 0.500000
vt 0.375000 0.500000
vt 0.625000 0.750000
vt 0.375000 0.750000
vt 0.875000 0.500000
vt 0.625000 0.250000
vt 0.125000 0.500000
vt 0.375000 0.250000
vt 0.875000 0.750000
vt 0.625000 1.000000
vt 0.625000 0.000000
vt 0.375000 1.000000
vt 0.375000 0.000000
vt 0.125000 0.750000
s 0
usemtl Material.003
f 129/225/97 133/229/97 135/233/97 131/227/97
f 132/228/98 131/227/98 135/234/98 136/236/98
f 136/237/99 135/235/99 133/230/99 134/232/99
f 134/231/100 130/226/100 132/228/100 136/238/100
f 130/226/101 129/225/101 131/227/101 132/228/101
f 134/232/102 133/230/102 129/225/102 130/226/102
o Cube.017
v 0.220723 0.913094 -1.035461
v 0.220723 0.255310 -1.274875
v 0.220723 0.844690 -0.847522
v 0.220723 0.186906 -1.086936
v -0.279277 0.913094 -1.035461
v -0.279277 0.255310 -1.274875
v -0.279277 0.844690 -0.847522
v -0.279277 0.186906 -1.086936
vn -0.0000 0.9397 0.3420
vn -0.0000 -0.3420 0.9397
vn -1.0000 -0.0000 -0.0000
vn -0.0000 -0.9397 -0.3420
vn 1.0000 -0.0000 -0.0000
vn -0.0000 0.3420 -0.9397
vt 0.625000 0.500000
vt 0.375000 0.500000
vt 0.625000 0.750000
vt 0.375000 0.750000
vt 0.875000 0.500000
vt 0.625000 0.250000
vt 0.125000 0.500000
vt 0.375000 0.250000
vt 0.875000 0.750000
vt 0.625000 1.000000
vt 0.625000 0.000000
vt 0.375000 1.000000
vt 0.375000 0.000000
vt 0.125000 0.750000
s 0
usemtl Material.002
f 137/239/103 141/243/103 143/247/103 139/241/103
f 140/242/104 139/241/104 143/248/104 144/250/104
f 144/251/105 143/249/105 141/244/105 142/246/105
f 142/245/106 138/240/106 140/242/106 144/252/106
f 138/240/107 137/239/107 139/241/107 140/242/107
f 142/246/108 141/244/108 137/239/108 138/240/108
o Cube.018
v -0.133619 0.913094 1.759257
v -0.127399 0.255310 1.998591
v -0.138502 0.844690 1.571382
v -0.132282 0.186906 1.810716
v 0.366212 0.913094 1.746267
v 0.372432 0.255310 1.985600
v 0.361329 0.844690 1.558392
v 0.367549 0.186906 1.797725
vn -0.0089 0.9397 -0.3419
vn -0.0244 -0.3420 -0.9394
vn 0.9997 -0.0000 -0.0260
vn 0.0089 -0.9397 0.3419
vn -0.9997 -0.0000 0.0260
vn 0.0244 0.3420 0.9394
vt 0.625000 0.500000
vt 0.375000 0.500000
vt 0.625000 0.750000
vt 0.375000 0.750000
vt 0.875000 0.500000
vt 0.625000 0.250000
vt 0.125000 0.500000
vt 0.375000 0.250000
vt 0.875000 0.750000
vt 0.625000 1.000000
vt 0.625000 0.000000
vt 0.375000 1.000000
vt 0.375000 0.000000
vt 0.125000 0.750000
s 0
usemtl Material.002
f 145/253/109 149/257/109 151/261/109 147/255/109
f 148/256/110 147/255/110 151/262/110 152/264/110
f 152/265/111 151/263/111 149/258/111 150/260/111
f 150/259/112 146/254/112 148/256/112 152/266/112
f 146/254/113 145/253/113 147/255/113 148/256/113
f 150/260/114 149/258/114 145/253/114 146/254/114
o Cube.019
v -0.299838 0.900000 1.454198
v -0.299838 0.200000 1.454198
v -0.256360 0.900000 1.258981
v -0.256360 0.200000 1.258981
v 0.188205 0.900000 1.562891
v 0.188205 0.200000 1.562891
v 0.231682 0.900000 1.367674
v 0.231682 0.200000 1.367674
vn -0.0000 1.0000 -0.0000
vn 0.2174 -0.0000 -0.9761
vn 0.9761 -0.0000 0.2174
vn -0.0000 -1.0000 -0.0000
vn -0.9761 -0.0000 -0.2174
vn -0.2174 -0.0000 0.9761
vt 0.625000 0.500000
vt 0.375000 0.500000
vt 0.625000 0.750000
vt 0.375000 0.750000
vt 0.875000 0.500000
vt 0.625000 0.250000
vt 0.125000 0.500000
vt 0.375000 0.250000
vt 0.875000 0.750000
vt 0.625000 1.000000
vt 0.625000 0.000000
vt 0.375000 1.000000
vt 0.375000 0.000000
vt 0.125000 0.750000
s 0
usemtl Material.003
f 153/267/115 157/271/115 159/275/115 155/269/115
f 156/270/116 155/269/116 159/276/116 160/278/116
f 160/279/117 159/277/117 157/272/117 158/274/117
f 158/273/118 154/268/118 156/270/118 160/280/118
f 154/268/119 153/267/119 155/269/119 156/270/119
f 158/274/120 157/272/120 153/267/120 154/268/120
o Cube.020
v -0.299838 3.900000 -2.120622
v -0.299838 3.200000 -2.120622
v -0.256360 3.900000 -2.315839
v -0.256360 3.200000 -2.315839
v 0.188205 3.900000 -2.011929
v 0.188205 3.200000 -2.011929
v 0.231682 3.900000 -2.207146
v 0.231682 3.200000 -2.207146
vn -0.0000 1.0000 -0.0000
vn 0.2174 -0.0000 -0.9761
vn 0.9761 -0.0000 0.2174
vn -0.0000 -1.0000 -0.0000
vn -0.9761 -0.0000 -0.2174
vn -0.2174 -0.0000 0.9761
vt 0.625000 0.500000
vt 0.375000 0.500000
vt 0.625000 0.750000
vt 0.375000 0.750000
vt 0.875000 0.500000
vt 0.625000 0.250000
vt 0.125000 0.500000
vt 0.375000 0.250000
vt 0.875000 0.750000
vt 0.625000 1.000000
vt 0.625000 0.000000
vt 0.375000 1.000000
vt 0.375000 0.000000
vt 0.125000 0.750000
s 0
usemtl Material.003
f 161/281/121 165/285/121 167/289/121 163/283/121
f 164/284/122 163/283/122 167/290/122 168/292/122
f 168/293/123 167/291/123 165/286/123 166/288/123
f 166/287/124 162/282/124 164/284/124 168/294/124
f 162/282/125 161/281/125 163/283/125 164/284/125
f 166/288/126 165/286/126 161/281/126 162/282/126
o Cube.021
v -0.133619 3.913094 -1.815563
v -0.127399 3.255309 -1.576230
v -0.138502 3.844690 -2.003438
v -0.132282 3.186905 -1.764105
v 0.366212 3.913094 -1.828553
v 0.372432 3.255309 -1.589220
v 0.361329 3.844690 -2.016428
v 0.367549 3.186905 -1.777095
vn -0.0089 0.9397 -0.3419
vn -0.0244 -0.3420 -0.9394
vn 0.9997 -0.0000 -0.0260
vn 0.0089 -0.9397 0.3419
vn -0.9997 -0.0000 0.0260
vn 0.0244 0.3420 0.9394
vt 0.625000 0.500000
vt 0.375000 0.500000
vt 0.625000 0.750000
vt 0.375000 0.750000
vt 0.875000 0.500000
vt 0.625000 0.250000
vt 0.125000 0.500000
vt 0.375000 0.250000
vt 0.875000 0.750000
vt 0.625000 1.000000
vt 0.625000 0.000000
vt 0.375000 1.000000
vt 0.375000 0.000000
vt 0.125000 0.750000
s 0
usemtl Material.002
f 169/295/127 173/299/127 175/303/127 171/297/127
f 172/298/128 171/297/128 175/304/128 176/306/128
f 176/307/129 175/305/129 173/300/129 174/302/129
f 174/301/130 170/296/130 172/298/130 176/308/130
f 170/296/131 169/295/131 171/297/131 172/298/131
f 174/302/132 173/300/132 169/295/132 170/296/132
o Cube.022
v 0.220723 3.913094 -0.440665
v 0.220723 3.255309 -0.680079
v 0.220723 3.844690 -0.252726
v 0.220723 3.186905 -0.492141
v -0.279277 3.913094 -0.440665
v -0.279277 3.255309 -0.680079
v -0.279277 3.844690 -0.252726
v -0.279277 3.186905 -0.492141
vn -0.0000 0.9397 0.3420
vn -0.0000 -0.3420 0.9397
vn -1.0000 -0.0000 -0.0000
vn -0.0000 -0.9397 -0.3420
vn 1.0000 -0.0000 -0.0000
vn -0.0000 0.3420 -0.9397
vt 0.625000 0.500000
vt 0.375000 0.500000
vt 0.625000 0.750000
vt 0.375000 0.750000
vt 0.875000 0.500000
vt 0.625000 0.250000
vt 0.125000 0.500000
vt 0.375000 0.250000
vt 0.875000 0.750000
vt 0.625000 1.000000
vt 0.625000 0.000000
vt 0.375000 1.000000
vt 0.375000 0.000000
vt 0.125000 0.750000
s 0
usemtl Material.002
f 177/309/133 181/313/133 183/317/133 179/311/133
f 180/312/134 179/311/134 183/318/134 184/320/134
f 184/321/135 183/319/135 181/314/135 182/316/135
f 182/315/136 178/310/136 180/312/136 184/322/136
f 178/310/137 177/309/137 179/311/137 180/312/137
f 182/316/138 181/314/138 177/309/138 178/310/138
o Cube.023
v 0.378959 3.900000 -0.131390
v 0.378959 3.200000 -0.131390
v 0.330425 3.900000 0.062631
v 0.330425 3.200000 0.062631
v -0.106095 3.900000 -0.252727
v -0.106095 3.200000 -0.252727
v -0.154629 3.900000 -0.058705
v -0.154629 3.200000 -0.058705
vn -0.0000 1.0000 -0.0000
vn -0.2427 -0.0000 0.9701
vn -0.9701 -0.0000 -0.2427
vn -0.0000 -1.0000 -0.0000
vn 0.9701 -0.0000 0.2427
vn 0.2427 -0.0000 -0.9701
vt 0.625000 0.500000
vt 0.375000 0.500000
vt 0.625000 0.750000
vt 0.375000 0.750000
vt 0.875000 0.500000
vt 0.625000 0.250000
vt 0.125000 0.500000
vt 0.375000 0.250000
vt 0.875000 0.750000
vt 0.625000 1.000000
vt 0.625000 0.000000
vt 0.375000 1.000000
vt 0.375000 0.000000
vt 0.125000 0.750000
s 0
usemtl Material.003
f 185/323/139 189/327/139 191/331/139 187/325/139
f 188/326/140 187/325/140 191/332/140 192/334/140
f 192/335/141 191/333/141 189/328/141 190/330/141
f 190/329/142 186/324/142 188/326/142 192/336/142
f 186/324/143 185/323/143 187/325/143 188/326/143
f 190/330/144 189/328/144 185/323/144 186/324/144
o Cube.024
v 0.378564 4.913094 -1.290507
v 0.378564 4.213094 -1.290507
v 0.332064 4.913094 -1.095988
v 0.332064 4.213094 -1.095988
v -0.107734 4.913094 -1.406757
v -0.107734 4.213094 -1.406757
v -0.154234 4.913094 -1.212238
v -0.154234 4.213094 -1.212238
vn -0.0000 1.0000 -0.0000
vn -0.2325 -0.0000 0.9726
vn -0.9726 -0.0000 -0.2325
vn -0.0000 -1.0000 -0.0000
vn 0.9726 -0.0000 0.2325
vn 0.2325 -0.0000 -0.9726
vt 0.625000 0.500000
vt 0.375000 0.500000
vt 0.625000 0.750000
vt 0.375000 0.750000
vt 0.875000 0.500000
vt 0.625000 0.250000
vt 0.125000 0.500000
vt 0.375000 0.250000
vt 0.875000 0.750000
vt 0.625000 1.000000
vt 0.625000 0.000000
vt 0.375000 1.000000
vt 0.375000 0.000000
vt 0.125000 0.750000
s 0
usemtl Material.003
f 193/337/145 197/341/145 199/345/145 195/339/145
f 196/340/146 195/339/146 199/346/146 200/348/146
f 200/349/147 199/347/147 197/342/147 198/344/147
f 198/343/148 194/338/148 196/340/148 200/350/148
f 194/338/149 193/337/149 195/339/149 196/340/149
f 198/344/150 197/342/150 193/337/150 194/338/150
o Cube.025
v 0.220723 4.926188 -1.596990
v 0.220723 4.268404 -1.836404
v 0.220723 4.857785 -1.409051
v 0.220723 4.200000 -1.648465
v -0.279277 4.926188 -1.596990
v -0.279277 4.268404 -1.836404
v -0.279277 4.857785 -1.409051
v -0.279277 4.200000 -1.648465
vn -0.0000 0.9397 0.3420
vn -0.0000 -0.3420 0.9397
vn -1.0000 -0.0000 -0.0000
vn -0.0000 -0.9397 -0.3420
vn 1.0000 -0.0000 -0.0000
vn -0.0000 0.3420 -0.9397
vt 0.625000 0.500000
vt 0.375000 0.500000
vt 0.625000 0.750000
vt 0.375000 0.750000
vt 0.875000 0.500000
vt 0.625000 0.250000
vt 0.125000 0.500000
vt 0.375000 0.250000
vt 0.875000 0.750000
vt 0.625000 1.000000
vt 0.625000 0.000000
vt 0.375000 1.000000
vt 0.375000 0.000000
vt 0.125000 0.750000
s 0
usemtl Material.002
f 201/351/151 205/355/151 207/359/151 203/353/151
f 204/354/152 203/353/152 207/360/152 208/362/152
f 208/363/153 207/361/153 205/356/153 206/358/153
f 206/357/154 202/352/154 204/354/154 208/364/154
f 202/352/155 201/351/155 203/353/155 204/354/155
f 206/358/156 205/356/156 201/351/156 202/352/156
o Cube.026
v -0.133619 4.926188 1.427856
v -0.127399 4.268404 1.667189
v -0.138502 4.857785 1.239981
v -0.132282 4.200000 1.479314
v 0.366212 4.926188 1.414865
v 0.372432 4.268404 1.654199
v 0.361329 4.857785 1.226990
v 0.367549 4.200000 1.466323
vn -0.0089 0.9397 -0.3419
vn -0.0244 -0.3420 -0.9394
vn 0.9997 -0.0000 -0.0260
vn 0.0089 -0.9397 0.3419
vn -0.9997 -0.0000 0.0260
vn 0.0244 0.3420 0.9394
vt 0.625000 0.500000
vt 0.375000 0.500000
vt 0.625000 0.750000
vt 0.375000 0.750000
vt 0.875000 0.500000
vt 0.625000 0.250000
vt 0.125000 0.500000
vt 0.375000 0.250000
vt 0.875000 0.750000
vt 0.625000 1.000000
vt 0.625000 0.000000
vt 0.375000 1.000000
vt 0.375000 0.000000
vt 0.125000 0.750000
s 0
usemtl Material.002
f 209/365/157 213/369/157 215/373/157 211/367/157
f 212/368/158 211/367/158 215/374/158 216/376/158
f 216/377/159 215/375/159 213/370/159 214/372/159
f 214/371/160 210/366/160 212/368/160 216/378/160
f 210/366/161 209/365/161 211/367/161 212/368/161
f 214/372/162 213/370/162 209/365/162 210/366/162
o Cube.027
v -0.299838 4.913094 1.122797
v -0.299838 4.213094 1.122797
v -0.256360 4.913094 0.927580
v -0.256360 4.213094 0.927580
v 0.188205 4.913094 1.231490
v 0.188205 4.213094 1.231490
v 0.231682 4.913094 1.036273
v 0.231682 4.213094 1.036273
vn -0.0000 1.0000 -0.0000
vn 0.2174 -0.0000 -0.9761
vn 0.9761 -0.0000 0.2174
vn -0.0000 -1.0000 -0.0000
vn -0.9761 -0.0000 -0.2174
vn -0.2174 -0.0000 0.9761
vt 0.625000 0.500000
vt 0.375000 0.500000
vt 0.625000 0.750000
vt 0.375000 0.750000
vt 0.875000 0.500000
vt 0.625000 0.250000
vt 0.125000 0.500000
vt 0.375000 0.250000
vt 0.875000 0.750000
vt 0.625000 1.000000
vt 0.625000 0.000000
vt 0.375000 1.000000
vt 0.375000 0.000000
vt 0.125000 0.750000
s 0
usemtl Material.003
f 217/379/163 221/383/163 223/387/163 219/381/163
f 220/382/164 219/381/164 223/388/164 224/390/164
f 224/391/165 223/389/165 221/384/165 222/386/165
f 222/385/166 218/380/166 220/382/166 224/392/166
f 218/380/167 217/379/167 219/381/167 220/382/167
f 222/386/168 221/384/168 217/379/168 218/380/168
o Cube.028
v 0.212245 4.913094 -0.668464
v 0.212245 4.213094 -0.668464
v 0.212245 4.913094 -0.468464
v 0.212245 4.213094 -0.468464
v -0.287755 4.913094 -0.668464
v -0.287755 4.213094 -0.668464
v -0.287755 4.913094 -0.468464
v -0.287755 4.213094 -0.468464
vn -0.0000 1.0000 -0.0000
vn -0.0000 -0.0000 1.0000
vn -1.0000 -0.0000 -0.0000
vn -0.0000 -1.0000 -0.0000
vn 1.0000 -0.0000 -0.0000
vn -0.0000 -0.0000 -1.0000
vt 0.625000 0.500000
vt 0.375000 0.500000
vt 0.625000 0.750000
vt 0.375000 0.750000
vt 0.875000 0.500000
vt 0.625000 0.250000
vt 0.125000 0.500000
vt 0.375000 0.250000
vt 0.875000 0.750000
vt 0.625000 1.000000
vt 0.625000 0.000000
vt 0.375000 1.000000
vt 0.375000 0.000000
vt 0.125000 0.750000
s 0
usemtl Material.006
f 225/393/169 229/397/169 231/401/169 227/395/169
f 228/396/170 227/395/170 231/402/170 232/404/170
f 232/405/171 231/403/171 229/398/171 230/400/171
f 230/399/172 226/394/172 228/396/172 232/406/172
f 226/394/173 225/393/173 227/395/173 228/396/173
f 230/400/174 229/398/174 225/393/174 226/394/174
o Cube.029
v 0.212245 4.913094 -0.035181
v 0.212245 4.213094 -0.035181
v 0.212245 4.913094 0.164819
v 0.212245 4.213094 0.164819
v -0.287755 4.913094 -0.035181
v -0.287755 4.213094 -0.035181
v -0.287755 4.913094 0.164819
v -0.287755 4.213094 0.164819
vn -0.0000 1.0000 -0.0000
vn -0.0000 -0.0000 1.0000
vn -1.0000 -0.0000 -0.0000
vn -0.0000 -1.0000 -0.0000
vn 1.0000 -0.0000 -0.0000
vn -0.0000 -0.0000 -1.0000
vt 0.625000 0.500000
vt 0.375000 0.500000
vt 0.625000 0.750000
vt 0.375000 0.750000
vt 0.875000 0.500000
vt 0.625000 0.250000
vt 0.125000 0.500000
vt 0.375000 0.250000
vt 0.875000 0.750000
vt 0.625000 1.000000
vt 0.625000 0.000000
vt 0.375000 1.000000
vt 0.375000 0.000000
vt 0.125000 0.750000
s 0
usemtl Material.004
f 233/407/175 237/411/175 239/415/175 235/409/175
f 236/410/176 235/409/176 239/416/176 240/418/176
f 240/419/177 239/417/177 237/412/177 238/414/177
f 238/413/178 234/408/178 236/410/178 240/420/178
f 234/408/179 233/407/179 235/409/179 236/410/179
f 238/414/180 237/412/180 233/407/180 234/408/180
o Cube.030
v 0.210383 4.913094 2.297230
v 0.210383 4.213094 2.297230
v 0.210383 4.913094 2.497230
v 0.210383 4.213094 2.497230
v -0.289617 4.913094 2.297230
v -0.289617 4.213094 2.297230
v -0.289617 4.913094 2.497230
v -0.289617 4.213094 2.497230
vn -0.0000 1.0000 -0.0000
vn -0.0000 -0.0000 1.0000
vn -1.0000 -0.0000 -0.0000
vn -0.0000 -1.0000 -0.0000
vn 1.0000 -0.0000 -0.0000
vn -0.0000 -0.0000 -1.0000
vt 0.625000 0.500000
vt 0.375000 0.500000
vt 0.625000 0.750000
vt 0.375000 0.750000
vt 0.875000 0.500000
vt 0.625000 0.250000
vt 0.125000 0.500000
vt 0.375000 0.250000
vt 0.875000 0.750000
vt 0.625000 1.000000
vt 0.625000 0.000000
vt 0.375000 1.000000
vt 0.375000 0.000000
vt 0.125000 0.750000
s 0
usemtl Material.004
f 241/421/181 245/425/181 247/429/181 243/423/181
f 244/424/182 243/423/182 247/430/182 248/432/182
f 248/433/183 247/431/183 245/426/183 246/428/183
f 246/427/184 242/422/184 244/424/184 248/434/184
f 242/422/185 241/421/185 243/423/185 244/424/185
f 246/428/186 245/426/186 241/421/186 242/422/186
o Cube.031
v 0.210383 4.913094 -2.424555
v 0.210383 4.213094 -2.424555
v 0.210383 4.913094 -2.224555
v 0.210383 4.213094 -2.224555
v -0.289617 4.913094 -2.424555
v -0.289617 4.213094 -2.424555
v -0.289617 4.913094 -2.224555
v -0.289617 4.213094 -2.224555
vn -0.0000 1.0000 -0.0000
vn -0.0000 -0.0000 1.0000
vn -1.0000 -0.0000 -0.0000
vn -0.0000 -1.0000 -0.0000
vn 1.0000 -0.0000 -0.0000
vn -0.0000 -0.0000 -1.0000
vt 0.625000 0.500000
vt 0.375000 0.500000
vt 0.625000 0.750000
vt 0.375000 0.750000
vt 0.875000 0.500000
vt 0.625000 0.250000
vt 0.125000 0.500000
vt 0.375000 0.250000
vt 0.875000 0.750000
vt 0.625000 1.000000
vt 0.625000 0.000000
vt 0.375000 1.000000
vt 0.375000 0.000000
vt 0.125000 0.750000
s 0
usemtl Material.006
f 249/435/187 253/439/187 255/443/187 251/437/187
f 252/438/188 251/437/188 255/444/188 256/446/188
f 256/447/189 255/445/189 253/440/189 254/442/189
f 254/441/190 250/436/190 252/438/190 256/448/190
f 250/436/191 249/435/191 251/437/191 252/438/191
f 254/442/192 253/440/192 249/435/192 250/436/192
o Cube.032
v 0.210383 3.900000 0.766755
v 0.210383 3.200000 0.766755
v 0.210383 3.900000 0.966755
v 0.210383 3.200000 0.966755
v -0.289617 3.900000 0.766755
v -0.289617 3.200000 0.766755
v -0.289617 3.900000 0.966755
v -0.289617 3.200000 0.966755
vn -0.0000 1.0000 -0.0000
vn -0.0000 -0.0000 1.0000
vn -1.0000 -0.0000 -0.0000
vn -0.0000 -1.0000 -0.0000
vn 1.0000 -0.0000 -0.0000
vn -0.0000 -0.0000 -1.0000
vt 0.625000 0.500000
vt 0.375000 0.500000
vt 0.625000 0.750000
vt 0.375000 0.750000
vt 0.875000 0.500000
vt 0.625000 0.250000
vt 0.125000 0.500000
vt 0.375000 0.250000
vt 0.875000 0.750000
vt 0.625000 1.000000
vt 0.625000 0.000000
vt 0.375000 1.000000
vt 0.375000 0.000000
vt 0.125000 0.750000
s 0
usemtl Material.006
f 257/449/193 261/453/193 263/457/193 259/451/193
f 260/452/194 259/451/194 263/458/194 264/460/194
f 264/461/195 263/459/195 261/454/195 262/456/195
f 262/455/196 258/450/196 260/452/196 264/462/196
f 258/450/197 257/449/197 259/451/197 260/452/197
f 262/456/198 261/454/198 257/449/198 258/450/198
o Cube.033
v 0.210383 3.900000 1.740983
v 0.210383 3.200000 1.740983
v 0.210383 3.900000 1.940983
v 0.210383 3.200000 1.940983
v -0.289617 3.900000 1.740983
v -0.289617 3.200000 1.740983
v -0.289617 3.900000 1.940983
v -0.289617 3.200000 1.940983
vn -0.0000 1.0000 -0.0000
vn -0.0000 -0.0000 1.0000
vn -1.0000 -0.0000 -0.0000
vn -0.0000 -1.0000 -0.0000
vn 1.0000 -0.0000 -0.0000
vn -0.0000 -0.0000 -1.0000
vt 0.625000 0.500000
vt 0.375000 0.500000
vt 0.625000 0.750000
vt 0.375000 0.750000
vt 0.875000 0.500000
vt 0.625000 0.250000
vt 0.125000 0.500000
vt 0.375000 0.250000
vt 0.875000 0.750000
vt 0.625000 1.000000
vt 0.625000 0.000000
vt 0.375000 1.000000
vt 0.375000 0.000000
vt 0.125000 0.750000
s 0
usemtl Material.004
f 265/463/199 269/467/199 271/471/199 267/465/199
f 268/466/200 267/465/200 271/472/200 272/474/200
f 272/475/201 271/473/201 269/468/201 270/470/201
f 270/469/202 266/464/202 268/466/202 272/476/202
f 266/464/203 265/463/203 267/465/203 268/466/203
f 270/470/204 269/468/204 265/463/204 266/464/204
o Cube.034
v 0.212245 3.900000 -0.977319
v 0.212245 3.200000 -0.977319
v 0.212245 3.900000 -0.777319
v 0.212245 3.200000 -0.777319
v -0.287755 3.900000 -0.977319
v -0.287755 3.200000 -0.977319
v -0.287755 3.900000 -0.777319
v -0.287755 3.200000 -0.777319
vn -0.0000 1.0000 -0.0000
vn -0.0000 -0.0000 1.0000
vn -1.0000 -0.0000 -0.0000
vn -0.0000 -1.0000 -0.0000
vn 1.0000 -0.0000 -0.0000
vn -0.0000 -0.0000 -1.0000
vt 0.625000 0.500000
vt 0.375000 0.500000
vt 0.625000 0.750000
vt 0.375000 0.750000
vt 0.875000 0.500000
vt 0.625000 0.250000
vt 0.125000 0.500000
vt 0.375000 0.250000
vt 0.875000 0.750000
vt 0.625000 1.000000
vt 0.625000 0.000000
vt 0.375000 1.000000
vt 0.375000 0.000000
vt 0.125000 0.750000
s 0
usemtl Material.004
f 273/477/205 277/481/205 279/485/205 275/479/205
f 276/480/206 275/479/206 279/486/206 280/488/206
f 280/489/207 279/487/207 277/482/207 278/484/207
f 278/483/208 274/478/208 276/480/208 280/490/208
f 274/478/209 273/477/209 275/479/209 276/480/209
f 278/484/210 277/482/210 273/477/210 274/478/210
o Cube.035
v 0.212245 3.900000 -1.405288
v 0.212245 3.200000 -1.405288
v 0.212245 3.900000 -1.205288
v 0.212245 3.200000 -1.205288
v -0.287755 3.900000 -1.405288
v -0.287755 3.200000 -1.405288
v -0.287755 3.900000 -1.205288
v -0.287755 3.200000 -1.205288
vn -0.0000 1.0000 -0.0000
vn -0.0000 -0.0000 1.0000
vn -1.0000 -0.0000 -0.0000
vn -0.0000 -1.0000 -0.0000
vn 1.0000 -0.0000 -0.0000
vn -0.0000 -0.0000 -1.0000
vt 0.625000 0.500000
vt 0.375000 0.500000
vt 0.625000 0.750000
vt 0.375000 0.750000
vt 0.875000 0.500000
vt 0.625000 0.250000
vt 0.125000 0.500000
vt 0.375000 0.250000
vt 0.875000 0.750000
vt 0.625000 1.000000
vt 0.625000 0.000000
vt 0.375000 1.000000
vt 0.375000 0.000000
vt 0.125000 0.750000
s 0
usemtl Material.006
f 281/491/211 285/495/211 287/499/211 283/493/211
f 284/494/212 283/493/212 287/500/212 288/502/212
f 288/503/213 287/501/213 285/496/213 286/498/213
f 286/497/214 282/492/214 284/494/214 288/504/214
f 282/492/215 281/491/215 283/493/215 284/494/215
f 286/498/216 285/496/216 281/491/216 282/492/216
o Cube.036
v 0.210383 2.900000 1.443215
v 0.210383 2.200000 1.443215
v 0.210383 2.900000 1.643215
v 0.210383 2.200000 1.643215
v -0.289617 2.900000 1.443215
v -0.289617 2.200000 1.443215
v -0.289617 2.900000 1.643215
v -0.289617 2.200000 1.643215
vn -0.0000 1.0000 -0.0000
vn -0.0000 -0.0000 1.0000
vn -1.0000 -0.0000 -0.0000
vn -0.0000 -1.0000 -0.0000
vn 1.0000 -0.0000 -0.0000
vn -0.0000 -0.0000 -1.0000
vt 0.625000 0.500000
vt 0.375000 0.500000
vt 0.625000 0.750000
vt 0.375000 0.750000
vt 0.875000 0.500000
vt 0.625000 0.250000
vt 0.125000 0.500000
vt 0.375000 0.250000
vt 0.875000 0.750000
vt 0.625000 1.000000
vt 0.625000 0.000000
vt 0.375000 1.000000
vt 0.375000 0.000000
vt 0.125000 0.750000
s 0
usemtl Material.004
f 289/505/217 293/509/217 295/513/217 291/507/217
f 292/508/218 291/507/218 295/514/218 296/516/218
f 296/517/219 295/515/219 293/510/219 294/512/219
f 294/511/220 290/506/220 292/508/220 296/518/220
f 290/506/221 289/505/221 291/507/221 292/508/221
f 294/512/222 293/510/222 289/505/222 290/506/222
o Cube.037
v 0.210383 2.900000 0.397572
v 0.210383 2.200000 0.397572
v 0.210383 2.900000 0.597572
v 0.210383 2.200000 0.597572
v -0.289617 2.900000 0.397572
v -0.289617 2.200000 0.397572
v -0.289617 2.900000 0.597572
v -0.289617 2.200000 0.597572
vn -0.0000 1.0000 -0.0000
vn -0.0000 -0.0000 1.0000
vn -1.0000 -0.0000 -0.0000
vn -0.0000 -1.0000 -0.0000
vn 1.0000 -0.0000 -0.0000
vn -0.0000 -0.0000 -1.0000
vt 0.625000 0.500000
vt 0.375000 0.500000
vt 0.625000 0.750000
vt 0.375000 0.750000
vt 0.875000 0.500000
vt 0.625000 0.250000
vt 0.125000 0.500000
vt 0.375000 0.250000
vt 0.875000 0.750000
vt 0.625000 1.000000
vt 0.625000 0.000000
vt 0.375000 1.000000
vt 0.375000 0.000000
vt 0.125000 0.750000
s 0
usemtl Material.006
f 297/519/223 301/523/223 303/527/223 299/521/223
f 300/522/224 299/521/224 303/528/224 304/530/224
f 304/531/225 303/529/225 301/524/225 302/526/225
f 302/525/226 298/520/226 300/522/226 304/532/226
f 298/520/227 297/519/227 299/521/227 300/522/227
f 302/526/228 301/524/228 297/519/228 298/520/228
o Cube.038
v 0.210383 2.900000 0.913604
v 0.210383 2.200000 0.913604
v 0.210383 2.900000 1.113604
v 0.210383 2.200000 1.113604
v -0.289617 2.900000 0.913604
v -0.289617 2.200000 0.913604
v -0.289617 2.900000 1.113604
v -0.289617 2.200000 1.113604
vn -0.0000 1.0000 -0.0000
vn -0.0000 -0.0000 1.0000
vn -1.0000 -0.0000 -0.0000
vn -0.0000 -1.0000 -0.0000
vn 1.0000 -0.0000 -0.0000
vn -0.0000 -0.0000 -1.0000
vt 0.625000 0.500000
vt 0.375000 0.500000
vt 0.625000 0.750000
vt 0.375000 0.750000
vt 0.875000 0.500000
vt 0.625000 0.250000
vt 0.125000 0.500000
vt 0.375000 0.250000
vt 0.875000 0.750000
vt 0.625000 1.000000
vt 0.625000 0.000000
vt 0.375000 1.000000
vt 0.375000 0.000000
vt 0.125000 0.750000
s 0
usemtl Material.004
f 305/533/229 309/537/229 311/541/229 307/535/229
f 308/536/230 307/535/230 311/542/230 312/544/230
f 312/545/231 311/543/231 309/538/231 310/540/231
f 310/539/232 306/534/232 308/536/232 312/546/232
f 306/534/233 305/533/233 307/535/233 308/536/233
f 310/540/234 309/538/234 305/533/234 306/534/234
o Cube.039
v 0.210383 2.900000 -1.855225
v 0.210383 2.200000 -1.855225
v 0.210383 2.900000 -1.655225
v 0.210383 2.200000 -1.655225
v -0.289617 2.900000 -1.855225
v -0.289617 2.200000 -1.855225
v -0.289617 2.900000 -1.655225
v -0.289617 2.200000 -1.655225
vn -0.0000 1.0000 -0.0000
vn -0.0000 -0.0000 1.0000
vn -1.0000 -0.0000 -0.0000
vn -0.0000 -1.0000 -0.0000
vn 1.0000 -0.0000 -0.0000
vn -0.0000 -0.0000 -1.0000
vt 0.625000 0.500000
vt 0.375000 0.500000
vt 0.625000 0.750000
vt 0.375000 0.750000
vt 0.875000 0.500000
vt 0.625000 0.250000
vt 0.125000 0.500000
vt 0.375000 0.250000
vt 0.875000 0.750000
vt 0.625000 1.000000
vt 0.625000 0.000000
vt 0.375000 1.000000
vt 0.375000 0.000000
vt 0.125000 0.750000
s 0
usemtl Material.006
f 313/547/235 317/551/235 319/555/235 315/549/235
f 316/550/236 315/549/236 319/556/236 320/558/236
